groundtruth = [
270, 450;
270, 440;
268, 427;
259, 418;
246, 410;
227, 407;
204, 408;
185, 412;
166, 411;
154, 420;
141, 433;
129, 451;
126, 470;
128, 479;
134, 483;
148, 488;
166, 496;
188, 500;
210, 504;
233, 502;
254, 501;
273, 503;
296, 504;
307, 514;
313, 525;
311, 533;
306, 538;
297, 543;
287, 549;
273, 554;
259, 556;
247, 558;
231, 560;
217, 560;
200, 560;
186, 562;
172, 562;
158, 560;
148, 557;
142, 551;
133, 538;
131, 528;
130, 519;
131, 505;
133, 493;
137, 477;
145, 464;
159, 455;
175, 453;
192, 459;
208, 461;
227, 469;
245, 475;
265, 479;
284, 481;
301, 478;
317, 467;
331, 458;
339, 451;
344, 446;
343, 434;
335, 425;
323, 417;
310, 411;
289, 406;
268, 405;
247, 406;
226, 408;
210, 410;
194, 415;
183, 417;
169, 422;
163, 422;
160, 414;
164, 403;
177, 396;
198, 388;
225, 386;
256, 383;
281, 379;
313, 373;
335, 367;
356, 358;
371, 347;
384, 335;
393, 321;
398, 306;
401, 290;
402, 275;
403, 261;
405, 243;
404, 231;
408, 218;
394, 210;
380, 204;
363, 201;
340, 196;
325, 196;
304, 195;
283, 194; %
266, 200;
249, 207;
232, 213;
215, 220;
199, 226;
182, 232;
165, 239;
148, 245;
131, 252;
115, 258;
98, 265;
94, 275;
97, 296;
101, 310;
105, 325;
103, 347;
103, 372;
103, 395;
110, 420;
117, 439;
127, 450;
140, 462;
156, 470;
172, 471;
193, 473;
214, 473;
238, 473;
260, 473;
289, 478;
305, 480;
323, 481;
329, 486;
324, 489;
311, 500;
296, 512;
281, 521;
263, 530;
247, 535;
231, 533;
213, 530;
196, 525;
177, 515;
166, 511;
157, 505;
151, 496;
148, 485;
149, 475;
155, 461;
166, 454;
183, 451;
201, 451;
223, 456;
244, 460;
262, 463;
283, 468;
298, 472;
316, 469;
329, 463;
334, 457;
333, 447;
327, 439;
313, 430;
296, 425;
277, 420;
258, 423;
241, 430;
227, 434;
216, 439;
210, 446;
210, 460;
195, 466;
186, 474;
177, 478;
168, 477;
160, 476;
151, 474;
143, 469;
139, 463;
136, 455;
135, 449;
135, 437;
137, 426;
142, 421;
146, 413;
155, 408;
164, 403;
180, 402;
198, 396;
207, 394;
232, 388;
250, 389;
272, 397;
288, 402;
305, 411;
314, 432;
319, 448;
318, 461;
315, 467;
307, 468;
298, 488;
282, 503;
269, 516;
250, 520;
224, 523;
204, 524;
183, 523;
168, 516;
155, 508;
144, 494;
134, 477;
133, 453;
139, 436;
148, 424;
165, 410;
183, 395;
194, 387;
200, 401;
201, 425;
206, 452;
213, 475;
219, 503;
223, 527;
227, 551;
234, 558;
246, 558;
265, 551;
285, 542;
310, 534;
324, 526;
334, 515;
332, 502;
319, 486;
305, 463;
286, 460;
258, 473;
236, 490;
220, 510;
210, 521;
199, 523;
180, 519;
];

save Groundtruth groundtruth